EDA					
OVERVIEW					
e-commerce order transaction dataset.					
Observations: 1200, Variables: 14, Missing values: 0					
					
					
Descriptive Statistics					
Variable	Mean	Median	Min	Max	Std. Dev
Quantity	2.95	3.00	1.00	5.00	1.41
Unit Price	₦356.41	₦364.21	₦11.39	₦699.93	197.09
Items in Cart	5.49	5.00	1.00	10.00	2.28
Total Price	₦1,053.97	₦823.62	₦11.39	₦3,456.40	819.51
					
Corellation Analysis 					
variable 			corellation		
Unit Price ↔ Total Price			0.72		
Quantity ↔ Items in Cart			0.65		
Quantity ↔ Total Price			0.62		
Items in Cart ↔ Total Price			0.39		
					
N.B - Total sales value is mainly influenced by unit price and quantity purchased.					
					
					
OUTLIERS DETECTION (USING Z-SCORE )					
USING +/-2.5 as threshold TOTAL PRICE has 28 outliers 					
					
SALES TREND 					
Average order value				₦1,053.97	
Sales exhibit fluctuations with stronger performance in recent months.					
June 2025 recorded one of the highest sales periods in recent months.					
monthly sales  trend 	revenue  per year 				
Row Labels	2023	2024	2025	Grand Total	
Jan	56685.75	38528.08	29099.4	124313.23	
Feb	40117.66	36909.57	35317.55	112344.78	
Mar	48609.37	36030.9	39200.66	123840.93	
Apr	27751.71	49613.14	31821.2	109186.05	
May	63836.84	27909.11	43396.64	135142.59	
Jun	49500.19	68068.54	53047.4	170616.13	
Jul	42820.66	42963.98		85784.64	
Aug	54352.14	31991.07		86343.21	
Sept	29526.67	39794.98		69321.65	
Oct	52607.85	37226.97		89834.82	
Nov	43079.67	32413.76		75493.43	
Dec	43754.73	38785.77		82540.5	
Grand Total	552643.24	480235.87	231882.85	1264761.96	
					
					
					
Product Performance					
performing products by revenue:					
Product Performance	by year				
products 	2023	2024	2025	Grand Total	
Chair	87585.58	84785.75	23248.78	195620.11	
Printer	95513.73	64853.85	35245.03	195612.61	
Laptop	83231.66	75611.41	33283.49	192126.56	
Tablet	86678.92	63213.11	36676.92	186568.95	
Monitor	75876.42	68450.23	31324.76	175651.41	
Desk	60990.53	59177.82	47291.58	167459.93	
Phone	62766.4	64143.7	24812.29	151722.39	
Grand Total	552643.24	480235.87	231882.85	1264761.96	
					
					
Customer Segmentation					
TOP 10  CUSTOMERS					
customer iID 	Sum of TotalPrice				
C38840	5723.23				
C57276	3456.4				
C67260	3390.8				
C13877	3384.9				
C18404	3370.2				
C16775	3353.75				
C65986	3352.4				
C47778	3334				
C59183	3322.55				
C25276	3313.9				
Grand Total	36002.13				
<img width="876" height="2272" alt="image" src="https://github.com/user-attachments/assets/694eb5ff-ec23-4865-8b8f-5f6c94169b1a" />
